position: 
  x: 0.29680747922303685
  y: -8.703217812995316e-05
  z: 1.5728763683658864
orientation: 
  x: 0.7831957856550555
  y: -0.00038938177951290686
  z: 0.6217750299756798
  w: 0.00014769134224807402


Current Joint Values: 
[1.5699979066848755, 1.2198927402496338, -9.407652214576956e-06, 2.0594000816345215, -0.00011063834244851023, -0.9601256847381592, 7.837684825062752e-05]

